0,273
0,270
47,52
47,51
47,50
47,49
47,48
47,47
47,46
47,45
47,44
47,43
47,42
47,41
47,40
47,39
47,38
47,37
47,36
47,35
3,2
3,1
3,3
10,119
10,131
10,125
10,263
10,149
10,107
10,1
10,121
10,2
10,3
11,14
11,20
11,7
11,5
11,19
11,1
11,8
11,2
11,3
9,5
9,1
9,7
9,2
9,3
8,13
8,11
8,7
8,10
8,9
8,18
8,14
8,1
8,15
8,2
8,3
12,2
12,1
12,3
20,2
20,1
20,3
19,2
19,1
19,3
18,1
45,5
18,3
45,4
45,3
45,2
45,1
14,1
45,0
14,3
43,5
13,1
43,4
13,3
43,3
43,2
43,1
43,0
41,5
41,4
41,3
41,2
41,1
41,0
39,5
39,4
39,3
39,2
39,1
39,0
37,3
37,2
37,1
37,0
36,3
